# id	left	top	right	bottom	texture_id
[SPRITES]
20001	372	153	387	168	20

#BREAKABLE_BRICK
20002	274	188	290	204	40
20003	293	188	309	204	40
20004	312	188	328	204	40
20005	331	188	347	204	40

20006	235	188	251	204	40

#BROKENPIECES_OF_BRICK
20007	484	120	492	128	20
20008	469	128	477	136	20
20009	482	109	490	117	20
200010	500	109	508	117	20

# ani_id	sprite1_id	time1	sprite2_id	time2	...
[ANIMATIONS]
10000	20001	1000

10001	20002	100	20003	100	20004	100	20005	100
10002	20006	100
10003	20007	100	20008	100	20009	100	200010	100