# id	left	top	right	bottom	texture_id
[SPRITES]
40001	303	99	312	114	20
40002	321	99	330	114	20
40003	338	99	347	114	20

131313	0	0	32	16	30
141414	48	0	80	16	30

151515	0	0	32	16	52
161616	32	0	64	16	52
170720	5	244	257	278	50

#SPEED_STACK
170721	35	109	43	117	50
170722	50	109	66	117	50
170723	60	109	61	110	50

#LastItem
170724	156	121	172	137	40
170725	309	121	325	137	40
170726	201	121	217	137	40

#End_World_Scene
170727	1	148	165	208	60
170728	1	73	165	133	60
170729	1	0	165	60	60

# ani_id	sprite1_id	time1	sprite2_id	time2	...
[ANIMATIONS]
11000	40001	300	40002	300	40003	300
17072000	170721	200	170723	200
17072001	170722	200	170723	200
#LastItem
17072002	170724	100	170725	100	170726	100
#End_World_Scene
17072003	170729	100
17072004	170728	100
17072005	170727	100