# id	left	top	right	bottom	texture_id
[SPRITES]
#NormalGoomba
#WALK
2000	9	11	27	27	10
2001	29	11	49	27	10
#DIE
2200	53	17	71	27	10
2201	153	107	171	117	10
#ParaGoomba
#WALK HAVE WING
2002	114	51	136	71	10
2003	140	51	160	71	10
#JUMP
2004	66	45	86	77	10
2005	90	45	112	77	10
#WALK-NO-WING
2006	113	99	131	117	10
2007	133	99	151	117	10
# ani_id	sprite1_id	time1	sprite2_id	time2	...
[ANIMATIONS]
20000	2000	100	2001	100
21000	2200	100
20001	2002	100	2003	100
20002	2002	100	2004	100	2003	100	2005	100
20003	2002	100	2004	400	2003	100	2005	400
20004	2006	100	2007	100
21001	2201	100