# id	left	top	right	bottom	texture_id
[SPRITES]
#BackGround
180720	258	0	514	224	700
#Curtain
180721	0	0	256	187	700
#MarioBros3_Black
180722	516	0	772	188	700
#MarioBros3_Main
180723	779	228	1035	416	700
#number_3
180724	194	362	236	404	700
180725	240	362	282	404	700
180726	287	362	329	404	700
180727	333	362	375	404	700
#choose_player
180728	30	307	142	331	700
180729	155	307	267	331	700
# ani_id	sprite1_id	time1	sprite2_id	time2	...
[ANIMATIONS]
18072000	180724	100	180725	100	180726	100	180727	100