# id	left	top	right	bottom	texture_id
[SPRITES]
#Mushroom
8001	300	189	316	205	20
#LEAF
8002	374	122	390	136	40
8003	180	123	196	137	40
#Coin
9001	303	99	313	115	20
9002	322	99	330	115	20
9003	341	99	347	115	20

#FIREBULLET
160720	569	120	578	128	20
160721	582	118	591	128	20
160722	608	120	617	128	20
160723	461	118	470	128	20
#BUTTONP

8004	156	144	172	160	40
8005	178	144	194	160	40
8006	200	151	216	159	40
#BIGCOIN

8007	334	100	348	116	40
# ani_id	sprite1_id	time1	sprite2_id	time2	...
[ANIMATIONS]
#MUSHROOM
80000	8001	100
#LEAF
80001	8002	100
80002	8003	100
#COIN
90000	9001	50	9002	50	9003	50

#BUTTONP

80003	8004	100	8005	100
80004	8006	100

#BIGCOIN

80005	8007	100

#FIREBULLET
1607200	160720	50	160721	50	160722	50	160723	50