# id	left	top	right	bottom	texture_id
[SPRITES]
#KOOPAS
#WALKINGRIGHT
3001	82	68	98	94	12
3002	57	68	73	94	12
#WALKINGLEFT
3003	9	68	25	94	12
3004	34	68	50	94	12
#InShell
3005	106	76	124	92	12
3006	128	75	146	91	12
3007	151	75	167	91	12
3008	171	75	189	91	12

#REBORN
3020	106	76	128	92	12
3021	193	75	211	91	12
3022	193	75	215	91	12

#HAVE_WING
3025	10	105	26	133	12
3026	35	105	51	131	12
3027	58	105	74	131	12

3028	132	105	148	133	12
3029	107	105	123	131	12
3030	84	105	100	131	12
#upside_down
3031	244	74	260	90	12
3032	266	74	282	90	12
3033	288	74	304	90	12
#SMART-KOOPAS
#WALKINGRIGHT
3009	82	35	98	61	12
3010	57	35	73	61	12
#WALKINGLEFT
3011	8	35	26	61	12
3012	33	35	51	61	12
#InShell
3013	106	43	124	59	12
3014	128	43	146	59	12
3015	151	43	167	59	12
3016	171	43	189	59	12

#INSHELL_UPSIDE_DOWN
3100	244	42	260	58	12
3101	266	42	282	58	12
3102	288	42	304	58	12
#REBORN
3017	106	43	127	59	12
3018	193	43	211	59	12
3019	193	43	215	59	12
#ATTACKED_BY_TAIL
#SMART_KOOPAS
3023	222	42	238	58	12
#KOOPAS
3024	222	73	240	91	12
# ani_id	sprite1_id	time1	sprite2_id	time2	...
[ANIMATIONS]
#KOOPAS
#INSHELLATTACK_UPSIDE_DOWN
31001	3024	50	3031	50	3032	50	3033	50
#WALKINGRIGHT-LEFT
30000	3001	100	3002	100
30001	3003	100	3004	100
#INSHELL
30002	3005	100
#INSHELLATTACK
30003	3005	50	3006	50	3007	50	3008	50
#REBORN
30009	3005	20	3020	20	3005	20	3020	20	3005	20	3020	20	3005	20	3020	20	3021	20	3022	20	3021	20	3022	20	3021	20	3022	20	3005	20	3020	20	3005	20	3020	20	3021	20	3022	20	3005	20	3020	20	3021	50	3020	50	3005	50
30011	3024	100

#HAVE_WING_LEFT-RIGHT
30012	3025	100	3026	100	3027	100
30013	3028	100	3029	100	3030	100
##SMARTKOOPAS
#WALKINGRIGHT-LEFT
30004	3009	100	3010	100
30005	3011	100	3012	100
#INSHELL
30006	3013	100
#INSHELLATTACK
30007	3013	50	3014	50	3015	50	3016	50
#REBORN
30008	3013	20	3017	20	3013	20	3017	20	3013	20	3017	20	3013	20	3017	20	3018	20	3019	20	3018	20	3019	20	3018	20	3019	20	3013	20	3017	20	3013	20	3017	20	3018	20	3019	20	3013	20	3017	20	3018	50	3017	50	3013	50
30010	3023	100
#INSHELLATTACK_UPSIDE_DOWN
31000	3023	50	3100	50	3101	50	3102	50