# id	left	top	right	bottom	texture_id
[SPRITES]
#LEFT-DOWN
21000	227	239	243	273	13
21001	207	239	223	273	13
#RIGHT-DOWN
21002	517	242	533	276	13
21003	497	241	515	275	13
#LEFT-UP
21004	274	239	290	273	13
21005	246	239	264	273	13
#RIGHT-UP
21006	471	242	491	276	13
21007	391	199	409	233	13

#PIRANHA_PLANT
22000	209	144	225	168	12
22001	184	144	200	168	12

#GREEN_FIREPIRANHA_PLANT
#LEFT-DOWN
23000	230	143	246	169	12
23001	250	143	266	169	12
#RIGHT-DOWN
23002	391	143	407	169	12
23003	371	143	387	169	12
#LEFT-UP
23004	270	143	286	169	12
23005	290	143	306	169	12
#RIGHT-UP
23006	351	143	367	169	12
23007	331	143	347	169	12
# ani_id	sprite1_id	time1	sprite2_id	time2	...
[ANIMATIONS]
#LEFT-DOWN
210000	21000	100	21001	100
#RIGHT-DOWN
210001	21002	100	21003	100
#LEFT-UP
210002	21004	100	21005	100
#RIGHT-UP
210003	21006	100	21007	100
#===========ATTACK================
#ATTACK-LEFT-DOWN
210004	21001	100
#ATTACK-RIGHT-DOWN
210005	21003	100
#ATTACK-LEFT-UP
210006	21005	100
#ATTACK-RIGHT-UP
210007	21007	100


#LEFT-DOWN
230000	23000	100	23001	100
#RIGHT-DOWN
230001	23002	100	23003	100
#LEFT-UP
230002	23004	100	23005	100
#RIGHT-UP
230003	23006	100	23007	100
#===========ATTACK================
#ATTACK-LEFT-DOWN
230004	23000	100
#ATTACK-RIGHT-DOWN
230005	23002	100
#ATTACK-LEFT-UP
230006	23004	100
#ATTACK-RIGHT-UP
230007	23006	100

#PIRANHA_PLANT
220000	22000	100	22001	100