# list of object assets to load in this scene
[ASSETS]
mario.txt
coin.txt
cloud.txt
goomba.txt
koopas.txt
#
[OBJECTS]
# type	x	y	extra_settings per object type
# type: 0 = Mario , 1 = Brick, 2 = Goomba, 3 = Koopas
# See OBJECT_TYPE constants in AssetIDs.h

# MARIO
0	20	200
#GOOMBA (1=NORMAL,2=SMART)
2	200	400	2

#KOOPAS (1=NORMAL,2=PARA)
3	250	396	2
#Platform
5	8	424	16	16	39	51000	52000	53000
5	632	408	16	16	29	51000	52000	53000
5	1160	424	16	16	22	51000	51000	51000
5	1544	424	16	16	5	51000	51000	51000
5	1672	424	16	16	36	51000	51000	51000
5	2264	424	16	16	35	51000	51000	51000
5	1416	200	16	16	4	51000	51000	51000
5	1496	184	16	16	13	51000	51000	51000
5	2104	632	16	16	10	51000	51000	51000
5	2312	536	16	16	3	51000	51000	51000

#QuestionBrick
7	200	408	2
7	300	408	2
#ColorBox
#6	264	392	48	48
#6	296	376	48	80
#6	440	392	80	48
6	496	376	64	80
6	544	360	64	112
6	560	400	96	32
6	1320	400	112	32
6	1352	384	112	64
6	1384	368	112	96
6	1344	160	64	32
6	2168	392	48	48
6	2200	344	48	144

[MAP]
9000	map/MapData1-1.txt	41	176	11	11	16	16	0